# x, y, omega
# 
739.532809 250.274093 0.000000
735.523607 250.524603 0.000733
731.430392 250.863942 0.001237
727.283969 251.294233 0.001733
722.899701 251.844572 0.002260
719.191146 253.379429 0.003455
715.118458 254.461682 0.004196
711.125734 255.439489 0.004810
706.868577 256.499813 0.005428
702.664255 257.601098 0.006026
697.795165 258.966365 0.006715
693.372103 260.302487 0.007343
688.435214 261.911496 0.008049
684.369027 263.335599 0.008636
680.011777 265.381016 0.009501
676.189103 267.252551 0.010209
671.775581 269.449468 0.010966
666.967175 271.946414 0.011779
661.754901 274.794379 0.012653
658.052275 276.916744 0.013273
654.166095 279.240639 0.013926
650.096359 281.787436 0.014612
645.844407 284.580420 0.015335
641.413257 287.644876 0.016095
638.160390 290.646787 0.016893
633.862468 294.305734 0.017727
629.405135 298.282958 0.018595
624.802204 302.607535 0.019498
620.070809 307.310112 0.020438
615.231971 312.422686 0.021416
610.311201 317.978290 0.022432
605.339121 324.010550 0.023486
601.392808 330.213256 0.024577
599.119900 333.677724 0.025133
596.859389 337.269072 0.025696
594.617382 340.990485 0.026266
592.400371 344.844977 0.026843
590.215244 348.835365 0.027425
588.069290 352.964224 0.028014
585.970203 357.233850 0.028607
583.926084 361.646217 0.029206
581.945441 366.202934 0.029809
580.037176 370.905195 0.030415
579.099515 375.205299 0.031025
577.553585 380.206366 0.031636
576.109273 385.339202 0.032246
574.776295 390.602125 0.032855
573.564556 395.992815 0.033462
572.484110 401.508274 0.034065
571.545108 407.144780 0.034664
570.757750 412.897850 0.035258
570.132216 418.762207 0.035844
570.588137 423.986803 0.036423
570.487855 430.072085 0.036992
570.580580 436.232112 0.037548
570.874795 442.457465 0.038089
571.378474 448.737915 0.038615
572.098990 455.062435 0.039124
573.043031 461.419234 0.039615
574.216506 467.795793 0.040085
576.493323 473.240282 0.040533
578.299269 479.647264 0.040957
580.349669 486.016170 0.041354
582.645317 492.331524 0.041722
585.185739 498.577588 0.042060
587.969144 504.738486 0.042366
590.992389 510.798325 0.042640
594.250956 516.741324 0.042879
598.000161 522.545476 0.043082
601.917543 528.265978 0.043245
606.052800 533.804789 0.043368
610.394457 539.147372 0.043450
614.929726 544.280149 0.043489
619.644603 549.190631 0.043485
624.523978 553.867543 0.043438
630.165063 557.039262 0.043346
635.482405 561.281552 0.043210
640.919223 565.247625 0.043026
646.455918 568.931607 0.042797
652.072505 572.329365 0.042522
657.748796 575.438524 0.042201
663.464590 578.258459 0.041835
669.658591 579.453233 0.041426
675.561125 581.778265 0.040972
681.451082 583.805632 0.040474
687.308493 585.541061 0.039934
693.114221 586.991842 0.039353
698.850095 588.166695 0.038733
704.499036 589.075638 0.038075
710.045161 589.729828 0.037381
715.743552 588.779927 0.036654
721.226984 589.052191 0.035894
726.574759 589.093012 0.035103
731.775055 588.916693 0.034282
736.817513 588.538011 0.033435
741.693230 587.972053 0.032562
746.394740 587.234059 0.031668
750.915973 586.339281 0.030754
755.252207 585.302848 0.029822
759.399996 584.139641 0.028875
763.428165 581.541941 0.027915
767.404575 580.262910 0.026944
771.194822 578.886805 0.025961
778.217190 575.896755 0.023974
784.504859 572.672428 0.021969
790.079566 569.303687 0.019962
794.972380 565.868775 0.017967
799.221092 562.434091 0.015996
802.867897 559.054461 0.014061
805.770975 553.459275 0.012170
808.438423 549.324414 0.010328
812.124921 545.170911 0.007665
814.933443 541.396550 0.005136
817.523722 537.018380 0.001995
819.264679 532.625705 -0.001538
819.634727 528.369672 -0.005737
817.819873 524.073666 -0.008664
814.990173 520.978480 -0.010639
810.887742 520.366472 -0.012727
806.504424 520.260606 -0.014131
801.787022 518.147051 -0.014878
797.001508 516.844988 -0.015195
792.954489 516.276211 -0.015249
789.037413 515.335716 -0.015146
784.511699 513.718829 -0.014833
781.592737 510.639920 -0.014565
777.901843 508.011748 -0.014122
773.861446 505.617536 -0.013449
770.372496 502.938631 -0.012687
767.330452 500.035768 -0.011870
764.577784 495.270854 -0.011031
761.846623 491.549411 -0.010176
759.171398 487.927216 -0.009140
757.162119 484.163976 -0.008132
755.738194 480.329610 -0.007185
754.479439 475.854362 -0.006184
753.642015 471.407839 -0.005297
753.024622 466.799191 -0.004843
752.528466 461.715829 -0.004415
751.553650 457.705674 -0.003821
750.531341 453.833300 -0.003171
749.603628 449.429155 -0.002493
748.860037 445.067711 -0.001887
748.235693 440.762227 -0.001350
747.676390 436.520850 -0.000875
747.137035 432.348637 -0.000450
746.579560 428.249010 -0.000066
745.970642 424.224819 0.000292
745.279423 420.279161 0.000635
744.365248 415.939299 0.001021
743.017300 411.861612 0.001432
741.308629 408.005898 0.001918
739.285838 404.329152 0.002496
736.856102 400.873420 0.003187
734.110710 397.646096 0.004113
731.785189 394.353771 0.005101
728.543962 391.636161 0.006193
724.702674 389.688688 0.007352
720.432937 388.517105 0.008585
715.944633 388.089037 0.009867
711.844046 386.912197 0.011351
707.584370 387.797120 0.012769
703.554876 389.098615 0.014075
699.098342 391.036662 0.015510
694.831059 393.000001 0.017088
691.298915 395.733658 0.018435
687.585880 399.045432 0.019852
684.719075 401.955620 0.020964
681.262573 406.068409 0.022510
678.834813 409.902112 0.023698
676.472663 414.136586 0.024901
674.230227 418.789441 0.026116
672.443133 423.437973 0.027335
671.063716 428.894767 0.028539
669.990312 434.694209 0.029708
669.476739 438.739143 0.030462
669.580656 444.122321 0.031543
669.774349 448.493638 0.032221
670.198634 452.924793 0.032854
670.865405 457.394765 0.033439
671.784137 461.880636 0.033970
673.347600 465.862085 0.034441
675.025691 470.330368 0.034841
676.968496 474.698286 0.035165
679.167695 478.937395 0.035408
681.854354 482.455428 0.035567
684.758932 486.407207 0.035634
687.877166 490.115032 0.035604
691.180888 493.557189 0.035476
694.639054 496.716176 0.035249
698.539075 499.013913 0.034923
702.445965 501.611779 0.034493
706.409089 503.864827 0.033963
710.389059 505.774851 0.033336
714.511356 506.731610 0.032618
718.656893 508.049753 0.031810
722.720638 509.025980 0.030916
726.668908 509.680612 0.029943
732.311716 510.112204 0.028356
737.861539 508.805149 0.026640
742.987468 508.246627 0.024814
747.631257 507.243034 0.022908
751.770592 505.891448 0.020952
755.467185 503.675757 0.018975
758.902545 501.271626 0.016996
762.872875 498.650266 0.014379
766.079767 495.908659 0.011829
769.148629 492.477158 0.008794
771.697890 488.533287 0.005444
773.498962 484.325827 0.001998
774.528436 480.101746 -0.001308
774.964835 476.045304 -0.004275
775.990215 480.167295 -0.009969
773.579764 476.849515 -0.010912
771.275574 473.250675 -0.011142
769.962375 469.396495 -0.011087
768.117430 465.840853 -0.010788
767.430644 461.888755 -0.010367
766.896337 457.694303 -0.010106
766.827189 453.471295 -0.009730
767.581267 449.329001 -0.009636
767.823856 445.185000 -0.009674
769.341413 440.966264 -0.009937
771.285422 437.364585 -0.010653
773.474521 434.000999 -0.011783
777.536621 433.542019 -0.013677
780.749887 436.086414 -0.016265
781.202553 440.067266 -0.017954
784.648280 442.405132 -0.019523
786.993071 445.753624 -0.020497
787.890898 449.851223 -0.021118
787.953255 454.100647 -0.021428
786.607228 458.134703 -0.021447
784.066079 461.318678 -0.020991
780.638611 463.419551 -0.019966
776.566803 464.341265 -0.018277
772.868086 462.524139 -0.016293
770.462300 459.279907 -0.014580
769.486265 455.205760 -0.013179
768.491163 451.117340 -0.012023
768.615716 446.525263 -0.011380
768.733766 442.218347 -0.010861
769.212081 438.081886 -0.010505
769.843073 433.597590 -0.010376
770.221393 429.479718 -0.010296
771.517967 425.455134 -0.010350
772.512674 421.475102 -0.010579
774.833490 418.051174 -0.011177
777.654873 415.076819 -0.012105
781.329121 412.948200 -0.013216
785.514839 412.015793 -0.014679
789.692263 411.728912 -0.016170
793.531358 412.855247 -0.017467
797.532213 414.271108 -0.018975
801.080032 416.854904 -0.020266
804.464327 419.552410 -0.021676
806.814213 422.840783 -0.022726
809.192251 426.663200 -0.023800
810.796894 430.659795 -0.024877
812.080353 434.542907 -0.025714
813.058443 438.886299 -0.026722
813.528885 443.464798 -0.027472
813.759809 448.212148 -0.028151
813.349787 452.631214 -0.028751
812.479078 457.683378 -0.029240
811.273439 462.687569 -0.029602
809.251464 467.106502 -0.029828
807.495750 470.716017 -0.029890
804.829783 475.244000 -0.029825
801.182848 478.874846 -0.029579
797.448393 482.572226 -0.029135
793.379806 485.007777 -0.028508
788.933304 487.324574 -0.027697
784.659884 488.974358 -0.026714
780.362055 488.831142 -0.025592
776.211299 489.449965 -0.024346
771.571873 489.458054 -0.022656
767.356248 488.203817 -0.020882
763.409341 487.131236 -0.019055
759.611676 485.194840 -0.016855
756.620518 481.598836 -0.014735
753.456549 478.626621 -0.012396
751.073971 474.790228 -0.009958
749.831199 470.944546 -0.008089
749.185494 466.381962 -0.006492
748.845386 461.942100 -0.005694
748.099808 457.601509 -0.004463
747.484098 453.179992 -0.003268
747.116462 448.658406 -0.002283
746.889881 444.548414 -0.001575
746.652766 440.177436 -0.000984
746.433000 435.740687 -0.000489
746.250171 431.258480 -0.000072
746.758764 427.050962 0.000295
747.435927 422.795044 0.000543
748.057048 418.389423 0.000662
748.647629 414.326292 0.000685
749.176409 410.341074 0.000641
749.733449 405.946790 0.000540
750.095899 401.522316 0.000405
750.311798 397.095302 0.000274
752.326627 393.545303 -0.000194
756.019887 391.746984 -0.001632
759.879575 390.448485 -0.002605
763.986490 389.891483 -0.003630
767.190757 387.350017 -0.004625
769.338193 383.796355 -0.005357
772.450905 380.709297 -0.006214
776.221120 378.401679 -0.007171
780.478860 376.874410 -0.008227
784.805083 375.721710 -0.009354
789.029963 374.685664 -0.010675
793.438116 375.328500 -0.011956
797.655686 376.388122 -0.013150
802.378767 378.047745 -0.014481
806.967934 379.760849 -0.015962
810.881042 382.347348 -0.017240
815.055408 385.506762 -0.018600
818.329490 388.305781 -0.019678
821.696309 391.517364 -0.020806
825.430002 395.769123 -0.022381
828.445203 400.081405 -0.023600
831.399385 404.863443 -0.024846
834.230656 410.140480 -0.026114
836.411154 415.503027 -0.027395
837.744958 419.668566 -0.028245
838.929969 424.029342 -0.029084
839.942248 428.579666 -0.029911
840.757437 433.311050 -0.030719
840.878470 437.735205 -0.031503
840.960793 442.812907 -0.032253
840.771937 447.985892 -0.032961
840.294641 453.229836 -0.033622
839.514345 458.517652 -0.034230
837.945279 463.234034 -0.034779
836.233894 468.451026 -0.035257
834.208023 473.570051 -0.035656
831.874657 478.556597 -0.035974
828.953022 482.751094 -0.036205
825.755666 487.328003 -0.036341
822.309509 491.630106 -0.036377
818.646121 495.631087 -0.036310
814.536039 498.646800 -0.036141
810.292414 502.053608 -0.035866
805.935621 505.069124 -0.035482
801.511610 507.687969 -0.034994
797.065935 509.911413 -0.034405
792.304329 511.099637 -0.033719
787.677250 512.617429 -0.032938
783.145394 513.739812 -0.032068
778.747813 514.490092 -0.031116
774.518563 514.895602 -0.030092
770.203089 514.333602 -0.029005
766.109536 514.209269 -0.027856
760.407250 513.503575 -0.026040
755.273722 512.278562 -0.024142
750.641737 509.960565 -0.022195
746.371194 507.480961 -0.020220
742.583892 505.423058 -0.018238
738.334009 502.427010 -0.015622
734.863896 499.307398 -0.013080
732.164292 496.147388 -0.010649
730.068123 491.804806 -0.008356
728.272870 487.730404 -0.006208
725.952568 483.723144 -0.003253
724.321580 480.037325 -0.000628
722.979742 476.182570 0.002028
721.698246 471.927355 0.004857
721.675442 467.590523 0.006178
721.700239 463.528778 0.008302
720.988807 459.522877 0.010530
721.001750 455.407835 0.012063
721.133395 451.335676 0.013465
722.247331 447.489014 0.014561
723.813752 443.786797 0.014414
724.303537 439.737288 0.014262
723.452484 435.390878 0.014315
721.120620 432.086344 0.014907
717.721194 429.669585 0.015870
713.664714 428.832919 0.017143
709.609351 429.594158 0.018498
706.250458 431.919638 0.019644
703.159034 435.106421 0.021036
700.955412 438.488860 0.022088
699.487870 442.384087 0.022974
698.544840 446.626721 0.023913
698.118317 450.928517 0.024514
698.601500 455.341097 0.025077
699.224869 459.311756 0.025347
700.726772 463.499133 0.025516
702.488084 467.218657 0.025489
705.146880 470.226885 0.025257
708.070468 472.989992 0.024880
711.554795 475.582110 0.024197
715.681168 476.826844 0.023293
719.896877 477.938424 0.021992
724.206544 477.714952 0.020515
728.241812 477.123753 0.018677
731.608285 474.885611 0.017038
735.143908 472.438421 0.014724
736.952483 468.457564 0.013225
739.220855 464.910945 0.011453
740.474221 460.744696 0.009881
740.896886 455.696323 0.008583
741.448899 451.306804 0.007972
742.124157 446.786334 0.007095
742.288400 442.675081 0.006441
742.310723 438.316219 0.005900
742.035035 433.846197 0.005468
741.446874 429.312330 0.005152
740.865146 425.339139 0.004974
740.618284 420.606106 0.004879
740.410235 416.189406 0.004826
740.242162 411.724997 0.004766
740.120635 407.428926 0.004731
739.563293 403.139126 0.004724
738.610242 398.971798 0.004807
737.362687 394.706449 0.005013
735.707856 390.951558 0.005320
733.997773 387.001855 0.005717
732.710843 383.033858 0.006148
730.267127 379.613534 0.006864
727.102719 376.758218 0.007673
723.365802 374.530541 0.008589
719.243566 372.959712 0.009594
715.249910 371.050778 0.010806
710.795692 370.875478 0.012009
706.461646 371.186301 0.013161
701.518548 372.044915 0.014475
697.538856 372.606895 0.015654
693.280895 374.377244 0.016939
688.628564 376.711969 0.018330
684.908833 378.954629 0.019447
681.040073 381.736256 0.020633
677.554978 384.320983 0.021886
673.830321 388.291434 0.023198
670.074571 392.793527 0.024562
667.583158 396.113287 0.025497
665.126255 399.702861 0.026453
663.047143 403.174629 0.027426
661.042258 407.306319 0.028408
659.149163 411.697572 0.029393
657.397225 416.350396 0.030376
655.817666 421.263785 0.031354
654.443279 426.433198 0.032321
653.786935 431.367475 0.033270
653.218318 436.952119 0.034189
652.948296 442.706544 0.035070
653.004987 448.605691 0.035906
653.743367 454.089464 0.036690
654.769840 460.219084 0.037409
656.193819 466.348955 0.038052
658.023092 472.435108 0.038612
660.574053 477.841373 0.039081
663.449155 483.746499 0.039448
666.719052 489.424898 0.039703
670.357679 494.830105 0.039840
674.607831 499.273957 0.039856
679.116595 504.064915 0.039745
683.883296 508.428155 0.039500
688.851780 512.339341 0.039122
694.187775 515.096056 0.038615
699.667196 518.030953 0.037977
705.231332 520.464036 0.037210
710.751282 522.384315 0.036320
716.343468 523.108668 0.035316
721.858360 524.159373 0.034204
727.178926 524.747330 0.032992
732.260211 524.914284 0.031692
737.065708 524.705654 0.030318
741.674878 523.461255 0.028881
746.129035 522.732107 0.027391
750.257447 521.737148 0.025857
755.820504 519.847621 0.023500
760.626370 517.609951 0.021114
764.697119 515.151379 0.018734
768.415909 511.984550 0.016389
771.619164 509.483525 0.014090
775.013218 506.157347 0.011137
777.532456 502.951442 0.008350
779.663712 499.224275 0.005143
781.061339 495.240810 0.001741
781.564637 491.262020 -0.001600
781.144879 487.035876 -0.004957
779.965859 482.839266 -0.007837
778.687630 478.716207 -0.009695
776.726563 475.169639 -0.010536
774.246396 471.730930 -0.011072
772.447144 467.567247 -0.011147
770.907177 463.812508 -0.011046
769.260113 460.083233 -0.010719
768.693716 455.773136 -0.010299
768.197249 451.625494 -0.010129
767.785340 447.582159 -0.009800
768.338652 443.486131 -0.009566
769.273367 439.511626 -0.009512
769.763169 435.220828 -0.009572
770.892397 431.231017 -0.009748
772.639677 427.630542 -0.010059
774.434570 424.013419 -0.010577
777.814108 421.637971 -0.011392
780.991369 419.182095 -0.012359
785.278267 418.994075 -0.013783
789.337962 419.225103 -0.015360
793.113556 421.300066 -0.016941
796.583020 423.510578 -0.018501
799.173543 426.799775 -0.019760
801.785697 430.625108 -0.021232
803.352113 434.878824 -0.022311
804.548978 438.776748 -0.023172
804.872256 443.032347 -0.024130
805.006333 447.566896 -0.024825
804.372343 451.784333 -0.025412
803.231929 456.539563 -0.025844
801.541703 460.615965 -0.026110
799.060238 464.374356 -0.026187
796.411669 468.215315 -0.026057
793.002241 470.448295 -0.025728
789.554066 473.128198 -0.025186
785.249009 474.939197 -0.024295
780.736657 476.310723 -0.023153
776.606427 476.181978 -0.021818
772.494798 475.200796 -0.020342
768.649403 473.761433 -0.018513
765.718867 470.921218 -0.016938
762.558211 468.025117 -0.014871
760.617662 464.519867 -0.012952
759.544452 460.635785 -0.011867
758.150120 456.837826 -0.010288
757.530130 452.757544 -0.008929
757.567442 448.507017 -0.007824
757.853949 443.735008 -0.007073
757.903761 439.687642 -0.006640
758.026854 435.489357 -0.006071
758.518476 431.171531 -0.005648
759.368234 426.766490 -0.005380
760.412267 422.864629 -0.005274
761.756791 418.941734 -0.005291
763.434826 415.024464 -0.005435
764.857554 410.593408 -0.005661
766.215242 406.500830 -0.005965
768.757303 402.889754 -0.006533
772.057656 400.036559 -0.007287
775.606577 398.052485 -0.008140
779.904083 396.527739 -0.009196
783.874629 394.409569 -0.010457
787.995167 394.165347 -0.011689
792.129411 394.497842 -0.012865
796.836660 395.483753 -0.014179
801.170874 396.441843 -0.015634
805.144936 398.550481 -0.016927
808.562324 400.728494 -0.018017
812.020100 403.411962 -0.019162
815.385914 406.599004 -0.020647
818.339253 410.416991 -0.021854
821.293615 414.777233 -0.023076
823.709164 419.238566 -0.024309
825.265838 423.265805 -0.025220
826.695476 427.565559 -0.026111
827.959977 432.136811 -0.026976
828.543327 436.439958 -0.027811
828.870722 441.433861 -0.028593
828.928226 446.569583 -0.029313
828.689584 451.819168 -0.029965
827.501941 456.536438 -0.030538
826.137744 461.772852 -0.031012
824.451843 466.915430 -0.031381
822.020031 471.334001 -0.031640
819.302382 476.207467 -0.031773
816.308964 480.776982 -0.031775
812.819080 484.342639 -0.031647
808.944577 488.140537 -0.031382
804.851106 491.444252 -0.030977
800.669487 494.238750 -0.030437
796.008047 495.919139 -0.029767
791.520975 497.792030 -0.028970
787.190428 499.142781 -0.028059
782.894816 499.301326 -0.027053
778.597109 499.852646 -0.025960
774.590546 499.951624 -0.024790
769.765596 499.480569 -0.023145
765.287271 497.780090 -0.021442
761.111523 496.435481 -0.019700
756.782833 494.179605 -0.017513
753.413048 491.481082 -0.015380
751.023604 487.821987 -0.013746
747.897372 484.280809 -0.011420
745.665678 480.502843 -0.009279
743.991209 476.570695 -0.007349
742.934245 472.587449 -0.005640
742.348008 468.593126 -0.004158
742.008179 463.293600 -0.002705
741.732347 458.305970 -0.001988
741.556446 453.405802 -0.001339
741.439870 448.591548 -0.000753
741.348116 443.860864 -0.000226
741.252072 439.211175 0.000248
741.127215 434.640062 0.000676
740.952784 430.145505 0.001066
740.710952 425.726047 0.001424
740.386031 421.380897 0.001760
740.087003 417.336469 0.002221
739.618860 413.112303 0.002693
739.253774 409.037057 0.003101
738.598542 404.958208 0.003471
737.665043 400.735127 0.003884
736.512680 396.854976 0.004303
735.160891 392.943590 0.004753
733.309556 389.118055 0.005260
729.383546 387.628244 0.006256
727.454819 384.007351 0.006944
724.839277 380.533286 0.007699
721.786369 377.698858 0.008465
717.880661 375.208643 0.009379
713.759344 373.467877 0.010319
709.738951 371.255142 0.011425
705.763119 370.763882 0.012462
701.139311 370.748810 0.013623
696.947268 371.173151 0.014656
692.329217 372.113698 0.015797
688.018146 373.148726 0.017049
684.423545 374.910019 0.018057
680.609996 377.061256 0.019123
676.595125 379.655614 0.020253
672.422910 382.885779 0.021448
668.784401 385.930332 0.022709
664.941138 390.301538 0.024024
662.475577 393.542360 0.024925
660.023743 397.050968 0.025843
657.608369 400.840117 0.026777
655.254950 404.921326 0.027725
653.496755 408.877890 0.028682
651.639289 413.580983 0.029640
649.938767 418.557035 0.030594
648.428069 423.803806 0.031539
647.141532 429.315304 0.032471
646.634384 434.590160 0.033384
646.173839 440.609302 0.034263
646.045782 446.802554 0.035103
646.279341 453.141410 0.035896
647.283337 459.003439 0.036635
648.574417 465.570794 0.037307
650.298890 472.124569 0.037901
652.462882 478.616632 0.038409
655.429349 484.338987 0.038824
658.716737 490.612309 0.039136
662.425722 496.627215 0.039334
666.525735 502.334480 0.039413
671.296677 506.968302 0.039371
676.313938 511.999663 0.039200
681.597959 516.562523 0.038897
687.136311 520.640524 0.038461
693.124287 523.441583 0.037894
699.194047 526.565989 0.037196
705.285011 529.126732 0.036369
711.327848 531.139443 0.035421
717.258200 532.629304 0.034360
723.345335 532.826941 0.033197
729.183743 533.327726 0.031935
734.753104 533.382976 0.030587
740.015433 533.043231 0.029165
744.942024 532.360779 0.027683
749.599334 530.597307 0.026155
754.116989 529.364201 0.024588
758.262047 527.908892 0.022990
762.033764 526.279621 0.021375
767.004429 523.605148 0.018943
771.186317 520.767874 0.016532
774.659997 517.120857 0.014171
777.579981 512.766498 0.011879
780.982177 509.047564 0.008950
783.506154 505.535349 0.006194
785.659538 501.533167 0.003030
787.128853 497.359550 -0.000327
787.794145 493.333567 -0.003634
787.707640 489.314736 -0.006994
786.695166 484.630319 -0.009253
784.029502 481.313633 -0.011627
781.005375 477.918594 -0.012816
777.794336 475.373379 -0.013044
774.636485 472.373098 -0.012872
772.609602 467.957515 -0.012538
770.256842 464.416064 -0.011958
769.118888 460.241525 -0.011266
768.465313 456.065208 -0.010884
767.709959 451.925472 -0.010291
767.968142 447.822290 -0.009853
768.020028 443.536952 -0.009677
768.745959 439.450315 -0.009550
770.350139 435.686706 -0.009689
771.570278 431.740287 -0.010046
774.684409 428.849949 -0.010804
777.431627 425.899774 -0.012000
781.496795 425.044061 -0.013943
785.345869 426.534510 -0.015882
788.385181 429.141542 -0.017624
790.733966 432.670843 -0.019142
792.092568 436.618623 -0.020168
792.544310 440.645823 -0.021200
792.160181 444.636696 -0.021884
790.980517 448.615164 -0.022283
789.091096 452.450668 -0.022244
786.792292 455.967071 -0.021764
783.782206 458.848558 -0.020744
779.902932 460.193534 -0.018998
775.912767 459.215814 -0.016625
773.951738 455.693372 -0.014800
773.434203 451.569507 -0.013830
773.956285 447.488884 -0.013004
774.640624 443.293326 -0.012645
776.949893 439.429007 -0.012565
779.182023 435.808616 -0.012815
781.716203 432.254084 -0.013275
785.311915 430.475435 -0.014245
789.345525 429.772368 -0.016031
792.297258 432.488792 -0.017508
793.906727 436.452461 -0.018703
794.089563 440.635923 -0.019517
793.179080 444.799970 -0.019952
790.766896 448.303862 -0.019907
787.127680 450.060962 -0.019208
783.712949 447.854243 -0.017857
782.952700 443.874164 -0.016550
785.054876 440.338573 -0.016160
788.526943 438.262079 -0.016440
792.771525 438.210962 -0.017208
796.560116 439.853161 -0.018173
799.632698 442.515470 -0.019105
801.751730 446.027778 -0.019744
802.832008 450.286841 -0.020503
802.786734 454.564317 -0.020902
800.988697 458.261828 -0.021021
798.200480 461.366812 -0.020842
794.352256 463.202103 -0.020361
790.369463 464.618652 -0.019582
786.198331 463.333894 -0.018699
782.357678 461.292593 -0.017423
779.068600 458.672967 -0.016217
776.776225 454.364909 -0.014784
775.015701 450.391511 -0.013723
774.099571 446.101800 -0.012677
773.659289 441.383894 -0.012147
773.091118 437.347997 -0.011525
773.421036 433.009299 -0.011013
774.233352 428.634344 -0.010652
774.464454 424.242586 -0.010503
775.185455 420.043731 -0.010342
776.747369 415.739017 -0.010298
778.616467 412.078798 -0.010389
780.055406 407.555699 -0.010566
782.131575 403.947713 -0.010901
784.799333 400.661383 -0.011350
787.953146 398.024865 -0.011868
790.450775 394.713087 -0.012427
794.464157 393.020125 -0.013401
798.428117 392.325041 -0.014280
802.571819 391.533381 -0.015310
806.993522 392.577955 -0.016470
811.523743 394.150255 -0.017576
815.308166 395.642555 -0.018598
819.122313 398.350323 -0.019687
822.439776 400.992776 -0.020603
825.960558 404.136251 -0.021566
829.392123 407.927706 -0.022823
831.731893 411.231740 -0.023593
834.081846 414.858260 -0.024373
836.409879 418.831685 -0.025162
837.943769 422.653949 -0.025952
839.591422 427.379127 -0.026728
841.085544 432.407100 -0.027485
841.958402 437.111886 -0.028219
842.499242 442.827118 -0.028913
842.568251 448.807626 -0.029552
842.425646 452.868733 -0.029943
842.123403 456.977642 -0.030303
840.609271 462.563387 -0.030779
839.546183 466.757141 -0.031042
838.302206 470.908132 -0.031261
836.880279 475.001304 -0.031433
833.860324 480.265427 -0.031600
831.683899 484.199525 -0.031643
829.345968 487.978271 -0.031628
826.862350 491.588104 -0.031554
824.250369 495.017506 -0.031424
820.976390 497.395856 -0.031236
817.784223 500.367353 -0.030985
814.528778 503.085554 -0.030672
811.235626 505.548767 -0.030300
805.967469 507.875649 -0.029638
802.302279 509.677827 -0.029128
796.903433 511.847599 -0.028261
791.576790 513.341557 -0.027286
786.468893 514.225540 -0.026217
780.920961 513.560764 -0.025068
775.787117 513.246399 -0.023840
771.101702 512.444452 -0.022553
766.891684 511.232492 -0.021228
762.883360 507.931790 -0.019884
759.103905 506.273875 -0.018528
754.765289 503.651105 -0.016720
751.198791 500.680519 -0.014945
748.319640 497.450903 -0.013233
745.835494 493.085875 -0.011602
744.114941 488.883565 -0.010435
741.928655 485.462675 -0.008949
739.794143 481.087232 -0.007212
738.207092 476.662558 -0.005625
737.047987 472.229442 -0.004191
736.207981 467.809754 -0.002911
735.590819 463.412756 -0.001777
735.113125 459.040075 -0.000778
734.703666 454.689365 0.000099
734.302034 450.356870 0.000868
733.857049 446.039127 0.001545
733.325063 441.734048 0.002146
732.668276 437.441608 0.002688
732.010124 433.366568 0.003182
731.068726 429.342605 0.003639
730.126937 424.842471 0.004161
729.128942 420.527538 0.004653
728.051713 416.401167 0.005123
726.984838 412.112407 0.005587
726.710527 407.413291 0.005889
725.984050 403.309689 0.006398
724.550810 399.487009 0.006956
722.376354 395.899905 0.007547
719.396066 392.642065 0.008229
716.060659 390.164535 0.008940
713.286455 386.695447 0.009772
709.248828 384.913981 0.010832
704.756478 383.967963 0.011897
700.144349 383.779467 0.012952
696.015575 382.975081 0.014153
691.946002 383.999401 0.015248
687.496582 385.937497 0.016439
683.626964 388.061242 0.017471
679.464829 390.573678 0.018860
675.809189 393.922101 0.020031
672.952224 396.834487 0.020944
670.027233 400.127767 0.021888
667.439083 403.343966 0.022864
664.984203 407.551989 0.023859
662.592138 412.153336 0.024862
660.312486 417.165588 0.025870
658.733414 422.206692 0.026877
657.782472 427.807175 0.027867
657.212117 432.070780 0.028507
656.807885 436.451633 0.029127
656.585284 440.939498 0.029724
657.172155 447.270452 0.030568
657.769368 452.001416 0.031084
658.598887 456.743641 0.031556
659.666372 461.476167 0.031982
660.975011 466.177111 0.032358
663.048004 470.188360 0.032680
665.134593 474.797943 0.032937
667.459690 479.261747 0.033128
670.009820 483.555965 0.033248
672.768371 487.658575 0.033298
676.186598 490.855694 0.033275
679.598893 494.563073 0.033171
683.159096 497.981947 0.032986
686.836003 501.100639 0.032722
690.881437 503.140762 0.032379
694.992166 505.724556 0.031956
699.132392 507.955640 0.031453
703.265545 509.838769 0.030873
707.356836 511.383213 0.030222
711.596141 511.808128 0.029505
715.826959 511.905390 0.028724
719.896631 512.467848 0.027883
725.699178 512.750381 0.026522
731.078085 512.436798 0.025063
736.230040 510.104404 0.023531
741.079042 508.997659 0.021941
745.434018 507.496011 0.020309
749.289359 505.683618 0.018659
753.669616 502.913813 0.016467
756.552114 499.212775 0.014849
760.208710 496.248077 0.012740
763.207226 493.142189 0.010702
766.150926 489.190091 0.008289
768.353242 485.266533 0.006056
769.973246 481.441650 0.004020
771.353096 477.031990 0.001842
772.323310 472.839159 -0.000055
773.065707 468.862155 -0.001694
773.838044 464.481958 -0.003322
774.680767 460.368789 -0.004698
775.904248 455.994976 -0.006037
777.547809 451.998407 -0.007211
779.700617 448.446785 -0.008297
780.108415 444.429129 -0.009064
780.795058 440.300107 -0.010328
782.533216 436.076840 -0.011541
784.376600 432.405162 -0.012734
787.336683 429.614482 -0.013802
791.653372 429.651410 -0.015384
795.560193 431.024499 -0.017032
798.720592 433.989331 -0.018276
800.758645 437.822038 -0.019565
802.418377 441.909670 -0.020541
802.823016 446.231937 -0.021455
803.006287 450.695440 -0.022134
801.889988 455.201134 -0.022776
800.819110 459.211927 -0.023091
798.696330 463.392044 -0.023301
796.362706 467.184135 -0.023295
793.824682 470.613381 -0.023122
789.643010 472.922365 -0.022686
786.149731 475.024080 -0.022119
781.797394 476.166450 -0.021232
777.202896 477.229920 -0.020125
773.048299 477.428095 -0.018839
768.726964 475.649476 -0.017430
764.864022 474.341231 -0.015916
761.195395 472.073328 -0.014100
758.819648 468.327853 -0.012819
755.604469 465.096196 -0.011053
753.131068 461.440641 -0.009352
751.291510 457.509483 -0.007771
749.964934 453.408024 -0.006341
749.091961 449.349341 -0.005421
748.378604 444.861090 -0.004730
747.064867 440.714590 -0.003760
745.552883 436.406687 -0.002690
744.096963 432.064049 -0.001683
742.613528 427.718217 -0.000731
741.022529 423.397772 0.000185
739.245309 419.132103 0.001084
737.201769 414.955256 0.001990
735.174169 411.478052 0.002793
732.831037 408.132655 0.003641
730.528994 403.749413 0.004550
728.247308 399.823271 0.005508
725.017246 396.721044 0.006688
721.393658 394.335523 0.007978
717.400831 392.718994 0.009385
713.300529 391.882069 0.010721
709.202264 391.086722 0.012206
705.017726 391.489969 0.013822
700.959137 392.760633 0.015275
696.433579 394.761372 0.016849
692.872438 396.754725 0.018206
689.510719 399.322808 0.019639
685.907200 402.868472 0.021136
683.136905 405.975706 0.022301
680.351569 409.504098 0.023502
677.463789 414.084197 0.025149
675.236510 418.594498 0.026398
673.167630 423.537048 0.027650
671.596725 428.486475 0.028899
670.418686 434.347767 0.030122
669.841118 438.447168 0.030911
669.453843 442.688290 0.031675
669.277019 447.058026 0.032409
669.721905 451.088436 0.033106
670.258671 455.687752 0.033755
671.061407 460.321389 0.034349
672.139490 464.963113 0.034882
673.765125 469.063309 0.035350
675.636311 473.683788 0.035741
677.794849 478.187115 0.036048
680.229953 482.541528 0.036265
682.926182 486.716693 0.036390
686.209886 490.150209 0.036417
689.596067 493.918735 0.036338
693.175723 497.394081 0.036152
696.913203 500.558151 0.035858
700.959167 502.799993 0.035458
705.130082 505.367279 0.034950
709.349935 507.565508 0.034333
713.575421 509.398675 0.033614
717.765159 510.876683 0.032797
722.146642 511.438057 0.031890
726.398324 512.307770 0.030893
730.515877 512.847878 0.029815
736.375807 513.100418 0.028067
741.878157 512.156511 0.026191
747.182176 511.320121 0.024212
751.946586 510.057935 0.022154
756.156108 508.476056 0.020052
759.815617 506.670678 0.017936
763.031008 503.531589 0.015833
766.956824 500.810070 0.013073
770.095120 498.041159 0.010396
773.061427 494.671894 0.007226
775.481956 490.928480 0.003745
777.140532 487.100332 0.000186
778.079373 483.061369 -0.003583
778.297260 479.035268 -0.007336
777.822886 474.685514 -0.009933
775.533639 471.245124 -0.012265
772.620240 468.344167 -0.012787
769.838407 465.286733 -0.012543
767.496885 462.025809 -0.012068
765.692178 458.257224 -0.011136
764.370839 454.442994 -0.010516
763.531688 450.352347 -0.009643
762.788071 446.306637 -0.009167
762.403856 442.263906 -0.008573
762.728445 438.223412 -0.008351
762.819514 434.148224 -0.008213
764.309315 430.204051 -0.008357
765.108643 426.166516 -0.008729
767.701685 422.874426 -0.009518
770.396674 419.758372 -0.010690
774.289388 418.212598 -0.012173
778.546963 418.153228 -0.014119
782.730182 418.890033 -0.016077
786.395960 420.890120 -0.017780
789.861911 423.605698 -0.019672
792.928640 426.882517 -0.021267
795.297035 430.635422 -0.022914
797.207292 434.207218 -0.024344
798.462866 438.516612 -0.025529
799.386230 442.424267 -0.026458
799.561321 447.174640 -0.027470
799.472134 451.631769 -0.028181
798.498560 455.852059 -0.028745
797.250339 460.415677 -0.029121
795.205054 464.464198 -0.029294
792.803157 468.651014 -0.029225
789.810629 472.032923 -0.028918
786.485871 475.390455 -0.028350
782.877166 477.718659 -0.027541
779.028762 479.966853 -0.026491
774.543855 481.313977 -0.024961
769.914715 482.200414 -0.023185
765.907612 482.246879 -0.021228
761.981966 480.633291 -0.019174
757.875242 478.873358 -0.016381
755.093959 475.827019 -0.014029
752.101435 472.592630 -0.011197
750.341290 468.914244 -0.008688
749.390263 464.563562 -0.006580
748.956635 460.365571 -0.005583
748.305737 456.221142 -0.004358
747.623703 451.967540 -0.003018
747.183780 447.639140 -0.001921
746.864424 443.248111 -0.001037
746.659805 438.911331 -0.000329
746.583170 434.712266 0.000226
746.782868 430.513772 0.000676
747.174157 426.424666 0.000958
747.735310 422.274517 0.001090
748.024466 417.954369 0.001126
748.395368 413.587980 0.001108
748.824257 409.192535 0.001030
749.201608 404.803678 0.000911
749.574311 400.748484 0.000756
752.263538 397.636001 -0.000046
755.346675 395.018558 -0.001222
758.969039 393.135683 -0.002456
763.039055 392.038958 -0.003673
767.219097 391.590355 -0.004868
771.556376 391.754151 -0.006217
775.427436 390.663784 -0.007609
779.232723 389.016998 -0.009017
783.301523 388.322560 -0.010319
787.681819 388.355523 -0.011650
792.226874 388.542808 -0.013203
796.487704 390.133897 -0.014690
800.492862 392.072658 -0.016051
803.976179 394.112440 -0.017232
808.130490 397.058196 -0.018829
811.492311 400.365860 -0.020180
814.957072 404.255657 -0.021593
817.579076 407.596076 -0.022692
819.789950 410.950308 -0.023823
821.922616 415.125701 -0.024967
823.929535 419.668530 -0.026114
825.756696 424.585831 -0.027259
826.945470 429.458857 -0.028392
827.851627 435.136313 -0.029488
828.389179 441.077761 -0.030532
828.515967 445.166607 -0.031192
827.933099 450.987047 -0.032116
827.282178 455.279349 -0.032675
826.395454 459.575173 -0.033181
825.268180 463.851455 -0.033629
823.636144 467.549662 -0.034014
821.787559 471.761762 -0.034329
819.697156 475.843386 -0.034566
817.377495 479.768765 -0.034722
814.844738 483.513858 -0.034794
811.763754 486.514841 -0.034779
808.624574 489.873408 -0.034670
805.334743 492.956720 -0.034467
801.925923 495.751992 -0.034169
798.229655 497.646926 -0.033780
794.416240 499.818837 -0.033297
790.587769 501.653677 -0.032720
786.780612 503.157926 -0.032055
781.183965 504.819904 -0.030906
775.395788 505.175392 -0.029591
769.943722 505.482666 -0.028123
764.888260 505.205499 -0.026530
760.174571 503.820153 -0.024844
755.742838 502.153653 -0.023087
751.743481 500.732916 -0.021278
747.159467 498.410962 -0.018832
743.402652 495.760631 -0.016400
740.988736 492.514767 -0.014613
738.110451 489.190248 -0.012299
735.212388 485.678807 -0.009543
733.078243 482.195844 -0.006979
731.300108 478.164184 -0.004194
729.987327 473.742635 -0.001363
729.174069 469.646062 0.001031
728.516323 465.341234 0.003290
727.773779 460.937326 0.005333
726.747288 456.978492 0.006990
725.413804 453.002719 0.008401
724.980914 448.881304 0.009485
724.145981 444.903939 0.010996
723.255952 440.861378 0.012200
721.171104 437.052260 0.013673
717.673717 434.783690 0.015468
713.839096 436.119359 0.017397
711.725688 439.556443 0.018849
710.577312 443.535149 0.020227
710.423138 447.576579 0.021215
710.839557 451.862118 0.021801
712.566168 455.817596 0.022116
715.269977 459.406678 0.022066
717.911921 462.448404 0.021682
721.706603 464.253216 0.020894
725.889193 465.532514 0.019600
729.956429 465.823153 0.018115
733.930416 463.933787 0.016247
737.646412 461.542646 0.014239
740.100042 457.630974 0.012447
742.211677 454.028729 0.010924
743.826681 450.028376 0.009319
744.706783 445.726708 0.007915
745.195594 441.072555 0.006990
745.866169 436.918874 0.006179
746.493080 432.967880 0.005348
746.882808 428.903103 0.004627
747.080923 424.753271 0.004023
747.121095 420.538531 0.003532
747.024777 416.273128 0.003149
746.801538 411.967488 0.002868
746.449458 407.629814 0.002684
745.955191 403.267368 0.002593
745.714043 399.056292 0.002581
745.582971 394.869072 0.002587
745.271807 390.721009 0.002622
744.797931 386.478383 0.002723
743.507688 382.473585 0.002978
741.287225 378.780608 0.003484
738.416627 375.614294 0.004264
734.715759 373.075408 0.005312
730.719836 371.449421 0.006478
726.593177 369.952596 0.007798
722.030723 369.091947 0.009413
717.234897 369.314386 0.011053
712.518363 370.033299 0.012642
708.233802 371.071209 0.014084
703.472067 372.632956 0.015699
698.753609 374.385768 0.017494
694.838792 376.557292 0.018955
690.680901 379.205856 0.020519
686.308920 382.405094 0.022191
681.766768 386.234925 0.023974
677.532712 390.523475 0.025863
674.628453 393.985866 0.027171
671.746630 397.799260 0.028515
668.922698 401.983373 0.029892
666.197420 406.555393 0.031298
663.950485 411.224041 0.032725
661.767595 416.609717 0.034160
659.838472 422.374111 0.035593
658.220483 428.508570 0.037014
657.220448 434.626167 0.038410
656.626846 441.398569 0.039765
656.517026 448.417506 0.041058
656.941924 455.631564 0.042274
658.072456 462.975600 0.043397
659.941688 470.343960 0.044401
662.440957 477.647139 0.045266
665.590516 484.823116 0.045978
667.536507 488.333590 0.046270
669.636200 491.759241 0.046516
671.884379 495.088890 0.046713
674.274748 498.311785 0.046860
676.799968 501.417719 0.046955
682.421734 506.728802 0.046987
685.399135 509.416340 0.046921
691.626897 514.302782 0.046617
698.134063 518.504665 0.046085
704.965721 521.458634 0.045328
711.897269 524.293336 0.044350
718.798323 526.397611 0.043157
725.565482 527.806432 0.041764
732.310279 528.053865 0.040189
738.746509 528.280511 0.038445
744.819809 527.965365 0.036555
750.477059 527.187861 0.034541
755.729850 525.482322 0.032427
760.672557 524.088129 0.030234
765.140146 522.442758 0.027981
769.131865 520.619103 0.025690
772.657073 518.682915 0.023382
777.109567 515.691243 0.019931
780.739914 511.763412 0.016539
783.768570 509.043794 0.013241
786.702371 505.744802 0.009049
788.898495 502.303610 0.004228
789.826932 498.146980 -0.003080
786.264424 495.729195 -0.011241
782.127286 494.158137 -0.013717
777.810195 494.114553 -0.015045
773.431798 492.864428 -0.015464
769.437243 491.780960 -0.015228
765.292550 490.609813 -0.014417
762.175373 488.085776 -0.013400
758.565683 486.108005 -0.011988
755.355316 483.117729 -0.010035
753.325322 478.913453 -0.008150
751.661237 474.917748 -0.006596
750.439248 471.009090 -0.004905
749.714161 466.753938 -0.003414
749.521026 462.513870 -0.002284
749.632799 458.176606 -0.001498
749.819978 454.036460 -0.001017
750.116222 449.921299 -0.000719
750.477096 445.829284 -0.000569
750.884933 441.759578 -0.000534
751.130981 437.526962 -0.000735
750.466596 433.273623 -0.000673
749.555553 429.223551 -0.000501
748.645592 425.208818 -0.000227
747.682587 421.237391 0.000129
746.603113 417.320513 0.000559
745.332390 413.474136 0.001072
742.180774 410.842422 0.002614
738.140258 410.456066 0.004230
734.094285 410.758099 0.005715
730.002992 411.646568 0.007175
726.730000 408.881173 0.008696
722.839450 407.341994 0.010144
718.379895 406.628433 0.011701
714.349477 406.181708 0.013329
710.309183 407.252696 0.014915
706.345637 408.903246 0.016423
702.579369 410.666991 0.018082
699.322327 413.404212 0.019550
695.902683 416.838244 0.021094
692.934544 420.300941 0.022711
690.686594 424.218384 0.024028
688.542755 428.655664 0.025350
686.892260 433.329828 0.026669
685.965243 437.505286 0.027634
685.273310 441.912894 0.028562
684.857210 446.533684 0.029445
685.199579 450.948207 0.030266
685.792518 455.913321 0.031000
686.768701 460.913931 0.031635
688.464542 465.456011 0.032156
690.572459 470.401164 0.032540
693.077472 475.140898 0.032773
696.138829 479.114028 0.032848
699.665421 483.335442 0.032751
703.472158 487.123287 0.032470
707.486129 490.443763 0.032009
712.028922 492.722145 0.031369
716.578611 494.965732 0.030547
721.083537 496.661664 0.029557
725.714879 497.293128 0.028416
730.267326 497.935313 0.027132
734.558730 498.093043 0.025724
739.789604 497.659331 0.023699
743.574424 495.849935 0.022099
748.134114 494.400915 0.019885
752.022984 492.542465 0.017626
755.971478 489.847467 0.014818
758.588369 485.977430 0.012631
761.548033 482.965114 0.009999
764.202132 479.314473 0.007033
766.088979 475.760826 0.004329
767.602226 471.838934 0.001539
768.775865 467.707396 -0.001177
769.791454 463.516129 -0.003693
770.950155 459.415979 -0.005953
772.627296 455.609964 -0.007994
773.310536 451.567809 -0.009277
775.338576 448.046401 -0.011520
777.110733 444.345892 -0.013649
781.193614 443.564213 -0.016341
784.062396 446.614495 -0.018651
784.874405 450.681671 -0.019726
783.460858 454.740955 -0.020539
780.930803 458.078768 -0.020698
777.381302 460.577987 -0.020251
773.805450 462.591965 -0.019296
769.612963 463.137586 -0.017896
765.425877 462.003485 -0.015996
